0 0.2703125 0.35625 0.08125 0.053125
0 0.0578125 0.425 0.103125 0.06875
0 0.925 0.4375 0.0703125 0.0546875
0 0.8015625 0.48125 0.1140625 0.0859375
0 0.540625 0.4828125 0.134375 0.0875
0 0.4125 0.490625 0.11875 0.084375
0 0.1796875 0.5140625 0.1484375 0.084375
0 0.053125 0.56484375 0.10625 0.0984375
0 0.24375 0.56875 0.159375 0.1015625
0 0.521875 0.5859375 0.1625 0.109375
0 0.778125 0.5921875 0.1609375 0.0859375
0 0.6375 0.646875 0.20625 0.125
0 0.153125 0.6796875 0.184375 0.178125
0 0.36875 0.7078125 0.2390625 0.146875
0 0.8046875 0.7171875 0.2828125 0.1046875
0 0.346875 0.6625 0.2421875 0.1171875
0 0.109375 0.4046875 0.1078125 0.078125
0 0.084375 0.49375 0.1671875 0.0828125
0 0.3640625 0.465625 0.1390625 0.075
0 0.5734375 0.4359375 0.13125 0.0890625
0 0.9328125 0.634375 0.134375 0.1125
0 0.809375 0.6640625 0.2578125 0.1
0 0.928125 0.546875 0.14375 0.096875
0 0.9171875 0.496875 0.121875 0.065625
0 0.9296875 0.4 0.078125 0.0609375