0 0.225 0.309375 0.0765625 0.065625
0 0.9125 0.3234375 0.0328125 0.0484375
0 0.478125 0.3234375 0.0703125 0.059375
0 0.8109375 0.378125 0.1109375 0.0921875
0 0.6984375 0.3953125 0.09375 0.0921875
0 0.334375 0.4625 0.1796875 0.13125
0 0.6390625 0.5125 0.171875 0.103125
0 0.35625 0.28125 0.0515625 0.0484375
0 0.2640625 0.2828125 0.065625 0.05
0 0.715625 0.29375 0.0296875 0.0484375
0 0.6125 0.4609375 0.2125 0.1046875
0 0.3203125 0.28125 0.0734375 0.0578125
0 0.725 0.334375 0.06875 0.0796875
0 0.934375 0.365625 0.1078125 0.084375
0 0.975 0.38125 0.05 0.0890625
0 0.83125 0.3203125 0.11875 0.084375