0 0.2984375 0.684375 0.0453125 0.01875
0 0.3015625 0.375 0.04375 0.0203125
0 0.325 0.3 0.05 0.028125
0 0.425 0.2890625 0.053125 0.0390625
0 0.38125 0.3984375 0.0515625 0.0265625
0 0.434375 0.4015625 0.034375 0.028125
0 0.3015625 0.51875 0.05 0.03125
0 0.3640625 0.55625 0.0484375 0.021875
0 0.409375 0.5875 0.034375 0.040625
0 0.434375 0.6484375 0.0390625 0.0359375
0 0.5375 0.6625 0.04375 0.034375
0 0.965625 0.55625 0.05 0.0515625
0 0.7375 0.5703125 0.0515625 0.034375
0 0.64375 0.565625 0.03125 0.0546875
0 0.6875 0.5265625 0.053125 0.040625
0 0.8625 0.421875 0.0421875 0.040625
0 0.725 0.259375 0.0515625 0.0328125
0 0.45 0.46875 0.046875 0.0234375
0 0.490625 0.4296875 0.0375 0.0375
0 0.5546875 0.459375 0.04375 0.0421875
0 0.553125 0.521875 0.04375 0.03125
0 0.5984375 0.5109375 0.040625 0.05
0 0.628125 0.484375 0.0484375 0.01875
0 0.6390625 0.453125 0.040625 0.0359375
0 0.7390625 0.4515625 0.0625 0.0390625
0 0.753125 0.4234375 0.05625 0.0328125
0 0.6953125 0.4 0.0484375 0.0375
0 0.65 0.2875 0.05 0.0359375
0 0.6796875 0.30625 0.0546875 0.040625
0 0.725 0.3390625 0.0609375 0.0265625
0 0.696875 0.3578125 0.04375 0.0453125
0 0.6296875 0.34375 0.046875 0.05
0 0.625 0.390625 0.0421875 0.05
0 0.6546875 0.4015625 0.028125 0.0453125