0 0.70625 0.6734375 0.065625 0.0390625
0 0.53125 0.7546875 0.090625 0.0546875
0 0.365625 0.740625 0.09375 0.059375
0 0.225 0.7765625 0.08125 0.0546875
0 0.328125 0.5921875 0.0546875 0.04375
0 0.33125 0.6890625 0.071875 0.0671875
0 0.5859375 0.6484375 0.0640625 0.059375
0 0.5 0.5359375 0.0390625 0.0421875
0 0.6078125 0.4515625 0.040625 0.0375
0 0.5421875 0.33125 0.03125 0.0265625
0 0.5 0.4171875 0.0234375 0.0296875
0 0.528125 0.4109375 0.028125 0.0296875
0 0.5625 0.3921875 0.0296875 0.0234375
0 0.6 0.3703125 0.0234375 0.03125
0 0.6 0.3234375 0.01875 0.01875
0 0.5265625 0.2890625 0.021875 0.0171875
0 0.575 0.3015625 0.01875 0.01875
0 0.6828125 0.315625 0.015625 0.0203125
0 0.63125 0.31875 0.0203125 0.021875
0 0.6734375 0.2921875 0.01875 0.0140625
0 0.6734375 0.2796875 0.0140625 0.0171875
0 0.353125 0.78125 0.0484375 0.06875
0 0.1859375 0.6203125 0.0328125 0.028125
0 0.1765625 0.6046875 0.075 0.046875