0 0.0859375 0.7265625 0.0390625 0.05
0 0.43125 0.609375 0.025 0.0375
0 0.8125 0.375 0.028125 0.0171875
0 0.371875 0.525 0.034375 0.021875
0 0.6296875 0.4625 0.021875 0.0265625
0 0.125 0.521875 0.025 0.0265625
0 0.228125 0.7453125 0.0375 0.0484375
0 0.1671875 0.58125 0.0265625 0.0296875
0 0.64375 0.5046875 0.0203125 0.0265625
0 0.5796875 0.525 0.021875 0.021875
0 0.4640625 0.375 0.021875 0.0140625
0 0.7296875 0.478125 0.015625 0.0296875
0 0.575 0.5921875 0.0265625 0.0359375
0 0.49375 0.5 0.03125 0.0265625
0 0.496875 0.434375 0.0328125 0.01875
0 0.5578125 0.334375 0.0171875 0.0171875
0 0.946875 0.434375 0.021875 0.0234375
0 0.3046875 0.421875 0.0203125 0.0171875
0 0.2234375 0.5765625 0.028125 0.03125
0 0.5484375 0.36875 0.025 0.0171875
0 0.0671875 0.5046875 0.0203125 0.0203125
0 0.3453125 0.3796875 0.0265625 0.015625
0 0.4671875 0.5203125 0.0375 0.0234375
0 0.6671875 0.375 0.015625 0.015625
0 0.4265625 0.3609375 0.0296875 0.0203125
0 0.353125 0.46875 0.025 0.0203125
0 0.4515625 0.3453125 0.0171875 0.01875
0 0.2078125 0.4375 0.01875 0.01875
0 0.3015625 0.734375 0.0359375 0.05
0 0.3265625 0.5078125 0.0265625 0.0171875
0 0.8140625 0.4015625 0.01875 0.0203125
0 0.49375 0.3484375 0.01875 0.0171875
0 0.09375 0.409375 0.015625 0.015625
0 0.7671875 0.4078125 0.0203125 0.0265625
0 0.334375 0.6609375 0.025 0.04375
0 0.7875 0.4921875 0.021875 0.0328125
0 0.51875 0.3390625 0.025 0.015625
0 0.440625 0.409375 0.0203125 0.0140625
0 0.6078125 0.353125 0.0140625 0.0171875
0 0.0125 0.434375 0.0234375 0.021875
0 0.040625 0.378125 0.0140625 0.0171875
0 0.096875 0.43125 0.015625 0.0171875
0 0.2296875 0.41875 0.015625 0.01875
0 0.1046875 0.3578125 0.015625 0.0125
0 0.275 0.3984375 0.0171875 0.0125
0 0.153125 0.4671875 0.015625 0.0140625
0 0.70625 0.49375 0.01875 0.0265625
0 0.3328125 0.3984375 0.01875 0.0109375
0 0.43125 0.3875 0.01875 0.0109375
0 0.4375 0.4484375 0.015625 0.0203125
0 0.2625 0.359375 0.015625 0.0171875
0 0.7890625 0.40625 0.01875 0.01875
0 0.1921875 0.4546875 0.015625 0.0171875