0 0.4171875 0.6875 0.0734375 0.0359375
0 0.2796875 0.5828125 0.0625 0.040625
0 0.415625 0.6390625 0.0703125 0.0453125
0 0.4890625 0.64375 0.0671875 0.034375
0 0.6390625 0.6578125 0.078125 0.0359375
0 0.659375 0.6890625 0.0734375 0.0359375
0 0.7265625 0.7078125 0.06875 0.0328125
0 0.7359375 0.6703125 0.0671875 0.0359375
0 0.7984375 0.7015625 0.06875 0.040625
0 0.8765625 0.6984375 0.0734375 0.0375
0 0.95625 0.696875 0.0640625 0.0375
0 0.9828125 0.65625 0.0328125 0.0328125
0 0.9421875 0.61875 0.071875 0.025
0 0.9703125 0.5859375 0.0578125 0.0296875
0 0.903125 0.5734375 0.075 0.028125
0 0.9171875 0.55 0.0640625 0.0296875
0 0.978125 0.534375 0.04375 0.040625
0 0.9828125 0.5109375 0.034375 0.03125
0 0.615625 0.6125 0.075 0.0296875
0 0.6125 0.596875 0.0765625 0.0265625
0 0.703125 0.5953125 0.0703125 0.0390625
0 0.71875 0.5734375 0.0625 0.0375
0 0.7359375 0.559375 0.05625 0.03125
0 0.8140625 0.6359375 0.078125 0.03125
0 0.803125 0.6171875 0.075 0.034375
0 0.878125 0.6140625 0.0640625 0.03125
0 0.828125 0.665625 0.08125 0.028125
0 0.896875 0.646875 0.0796875 0.0296875
0 0.7890625 0.5765625 0.065625 0.0296875
0 0.8546875 0.5296875 0.0578125 0.0265625
0 0.83125 0.5515625 0.0609375 0.025
0 0.603125 0.534375 0.0796875 0.0296875
0 0.5828125 0.5640625 0.0640625 0.021875
0 0.5328125 0.615625 0.0796875 0.025
0 0.5328125 0.5890625 0.0671875 0.03125
0 0.484375 0.55625 0.065625 0.025
0 0.3921875 0.5796875 0.0671875 0.0453125
0 0.3125 0.565625 0.0671875 0.0328125
0 0.2734375 0.540625 0.05 0.046875
0 0.253125 0.5 0.0640625 0.0234375
0 0.29375 0.4859375 0.0734375 0.0390625
0 0.2984375 0.4703125 0.0671875 0.0359375
0 0.30625 0.44375 0.0640625 0.040625
0 0.3265625 0.4203125 0.0640625 0.0546875
0 0.3671875 0.4109375 0.0609375 0.0453125
0 0.425 0.4078125 0.0578125 0.034375
0 0.365625 0.390625 0.059375 0.034375
0 0.378125 0.378125 0.053125 0.0359375
0 0.4390625 0.3828125 0.0515625 0.0328125
0 0.440625 0.3546875 0.04375 0.0296875
0 0.45625 0.3171875 0.0453125 0.034375
0 0.5296875 0.3125 0.0453125 0.0359375
0 0.571875 0.315625 0.05 0.0359375
0 0.6078125 0.3328125 0.0515625 0.034375
0 0.5296875 0.3328125 0.0546875 0.021875
0 0.540625 0.35 0.0578125 0.03125
0 0.559375 0.3734375 0.053125 0.0234375
0 0.5625 0.4015625 0.05 0.0234375
0 0.4890625 0.428125 0.0546875 0.03125
0 0.503125 0.3984375 0.05625 0.0234375
0 0.5015625 0.384375 0.046875 0.0203125
0 0.5 0.3703125 0.0546875 0.0171875
0 0.49375 0.3578125 0.053125 0.01875
0 0.4796875 0.3421875 0.0546875 0.0203125
0 0.425 0.4515625 0.0609375 0.0203125
0 0.4203125 0.4671875 0.0640625 0.03125
0 0.375 0.50625 0.05625 0.0390625
0 0.3421875 0.54375 0.0640625 0.0546875
0 0.428125 0.5203125 0.05625 0.0390625
0 0.4640625 0.4890625 0.0671875 0.01875
0 0.48125 0.465625 0.05 0.0234375
0 0.546875 0.44375 0.06875 0.021875
0 0.603125 0.43125 0.065625 0.0171875
0 0.6015625 0.403125 0.0546875 0.021875
0 0.615625 0.38125 0.05625 0.025
0 0.6609375 0.4015625 0.0609375 0.0234375
0 0.534375 0.503125 0.0703125 0.0234375
0 0.5234375 0.484375 0.059375 0.0359375
0 0.5265625 0.4671875 0.0640625 0.0296875
0 0.5921875 0.49375 0.0609375 0.0265625
0 0.6046875 0.4765625 0.0609375 0.0296875
0 0.6546875 0.484375 0.0671875 0.0296875
0 0.6765625 0.46875 0.0609375 0.034375
0 0.66875 0.428125 0.0578125 0.015625
0 0.6671875 0.2984375 0.0515625 0.025
0 0.659375 0.3359375 0.053125 0.0296875
0 0.8 0.54375 0.0546875 0.0296875
0 0.7859375 0.534375 0.04375 0.034375
0 0.734375 0.4828125 0.059375 0.0359375
0 0.6875 0.4484375 0.053125 0.01875
0 0.7515625 0.4546875 0.05625 0.021875
0 0.7125 0.4328125 0.05 0.028125
0 0.7125 0.4046875 0.0484375 0.03125
0 0.7609375 0.4125 0.059375 0.0234375
0 0.7609375 0.44375 0.05625 0.0265625
0 0.7734375 0.4828125 0.0484375 0.0234375
0 0.7875 0.5125 0.0640625 0.021875
0 0.840625 0.4984375 0.053125 0.028125
0 0.83125 0.4734375 0.0625 0.0265625
0 0.8109375 0.4484375 0.053125 0.0328125
0 0.71875 0.3703125 0.0515625 0.025
0 0.7171875 0.35625 0.0546875 0.021875
0 0.7421875 0.34375 0.0453125 0.0203125
0 0.709375 0.315625 0.0484375 0.028125
0 0.7671875 0.284375 0.05 0.0265625
0 0.7453125 0.296875 0.0484375 0.0265625
0 0.7484375 0.3203125 0.0515625 0.01875
0 0.803125 0.30625 0.0578125 0.025
0 0.9046875 0.309375 0.05625 0.01875
0 0.85 0.3109375 0.040625 0.015625
0 0.80625 0.3265625 0.0515625 0.0203125
0 0.8640625 0.328125 0.059375 0.0171875
0 0.821875 0.3421875 0.0578125 0.021875
0 0.8203125 0.359375 0.0546875 0.01875
0 0.771875 0.375 0.05625 0.021875
0 0.7953125 0.396875 0.0578125 0.0203125
0 0.834375 0.3796875 0.0625 0.021875
0 0.8828125 0.3609375 0.0546875 0.0234375
0 0.91875 0.328125 0.0546875 0.0203125
0 0.915625 0.3421875 0.0515625 0.0171875
0 0.9765625 0.34375 0.046875 0.021875
0 0.94375 0.353125 0.0546875 0.0234375
0 0.921875 0.3796875 0.046875 0.021875
0 0.940625 0.3875 0.0515625 0.0265625
0 0.953125 0.4328125 0.0546875 0.0234375
0 0.975 0.4109375 0.0484375 0.028125
0 0.9296875 0.4203125 0.0546875 0.0203125
0 0.8734375 0.425 0.05 0.0171875
0 0.8703125 0.4421875 0.065625 0.0234375
0 0.9359375 0.46875 0.05625 0.0265625
0 0.89375 0.459375 0.0625 0.01875
0 0.884375 0.475 0.0640625 0.021875
0 0.9015625 0.4921875 0.0640625 0.0265625
0 0.8953125 0.5109375 0.0671875 0.025