0 0.69375 0.490625 0.14375 0.1359375
0 0.3578125 0.36875 0.1109375 0.0984375
0 0.809375 0.4734375 0.1609375 0.14375
0 0.215625 0.4484375 0.1015625 0.13125
0 0.5546875 0.3703125 0.078125 0.0984375
0 0.540625 0.4609375 0.0859375 0.16875
0 0.746875 0.371875 0.065625 0.09375
0 0.846875 0.228125 0.053125 0.06875
0 0.56875 0.3171875 0.04375 0.0578125
0 0.6125 0.3734375 0.0546875 0.10625
0 0.653125 0.4125 0.0890625 0.1
0 0.68125 0.35625 0.0640625 0.096875
0 0.503125 0.3109375 0.0921875 0.1015625
0 0.4359375 0.3671875 0.0671875 0.0984375
0 0.4640625 0.46875 0.09375 0.1765625
0 0.346875 0.459375 0.10625 0.1796875
0 0.259375 0.478125 0.140625 0.19375