0 0.74375 0.3890625 0.021875 0.0203125
0 0.2203125 0.4515625 0.05 0.03125
0 0.803125 0.54375 0.0734375 0.05
0 0.29375 0.5328125 0.09375 0.05
0 0.378125 0.4703125 0.05 0.0390625
0 0.371875 0.34375 0.0234375 0.0140625
0 0.8 0.4484375 0.0359375 0.0265625
0 0.765625 0.4609375 0.0390625 0.01875
0 0.103125 0.4359375 0.0390625 0.028125
0 0.253125 0.375 0.01875 0.021875
0 0.4328125 0.4296875 0.0390625 0.021875
0 0.2796875 0.3828125 0.0203125 0.0140625
0 0.8171875 0.3859375 0.028125 0.01875
0 0.3078125 0.41875 0.0328125 0.025
0 0.4828125 0.4203125 0.034375 0.025
0 0.1875 0.3890625 0.0203125 0.0203125
0 0.3921875 0.3796875 0.0359375 0.0203125
0 0.653125 0.4109375 0.0234375 0.0265625
0 0.490625 0.3734375 0.0328125 0.01875
0 0.896875 0.4640625 0.0453125 0.021875
0 0.859375 0.4578125 0.025 0.0203125
0 0.3171875 0.353125 0.015625 0.0140625
0 0.1671875 0.4765625 0.04375 0.059375
0 0.7171875 0.4578125 0.0484375 0.03125