0 0.921875 0.4515625 0.08125 0.0484375
0 0.334375 0.5203125 0.0578125 0.046875
0 0.228125 0.5265625 0.05625 0.04375
0 0.1328125 0.7421875 0.0484375 0.04375
0 0.8828125 0.54375 0.0765625 0.04375
0 0.746875 0.54375 0.0703125 0.04375
0 0.7515625 0.4375 0.06875 0.0703125
0 0.85 0.2953125 0.0734375 0.059375
0 0.5875 0.2515625 0.071875 0.0640625
0 0.646875 0.1890625 0.0734375 0.0515625
0 0.3375 0.2234375 0.0546875 0.0546875
0 0.3984375 0.2125 0.078125 0.04375
0 0.246875 0.3390625 0.0328125 0.0625
0 0.1234375 0.6453125 0.065625 0.0625
0 0.2859375 0.6984375 0.0640625 0.0546875
0 0.3828125 0.678125 0.0625 0.0609375
0 0.471875 0.575 0.0546875 0.0546875
0 0.5515625 0.646875 0.0859375 0.04375
0 0.3671875 0.38125 0.0765625 0.0578125
0 0.48125 0.315625 0.0390625 0.1
0 0.4046875 0.434375 0.071875 0.046875
0 0.296875 0.634375 0.0484375 0.0625
0 0.3296875 0.5765625 0.071875 0.04375