0 0.58125 0.559375 0.14375 0.103125
0 0.4734375 0.359375 0.06875 0.0484375
0 0.2859375 0.3828125 0.0453125 0.05
0 0.371875 0.403125 0.1046875 0.0640625
0 0.1296875 0.3109375 0.06875 0.05
0 0.75625 0.3265625 0.021875 0.0296875
0 0.9171875 0.4734375 0.128125 0.0546875
0 0.809375 0.31875 0.021875 0.0265625
0 0.6640625 0.403125 0.05625 0.0359375
0 0.5421875 0.340625 0.0453125 0.040625
0 0.0171875 0.31875 0.0328125 0.04375
0 0.5109375 0.5078125 0.1375 0.1171875
0 0.4984375 0.45 0.0734375 0.05
0 0.4625 0.321875 0.0328125 0.0296875
0 0.1765625 0.2859375 0.053125 0.034375