0 0.9375 0.7796875 0.0515625 0.0546875
0 0.2328125 0.571875 0.0390625 0.053125
0 0.346875 0.5453125 0.028125 0.0390625
0 0.246875 0.4890625 0.0359375 0.0328125
0 0.5046875 0.596875 0.0359375 0.0484375
0 0.50625 0.5625 0.0359375 0.04375
0 0.54375 0.534375 0.0265625 0.0359375
0 0.7515625 0.66875 0.046875 0.040625
0 0.778125 0.6171875 0.0484375 0.046875
0 0.8859375 0.65625 0.0515625 0.053125
0 0.8734375 0.6234375 0.0484375 0.034375
0 0.675 0.609375 0.0390625 0.0453125
0 0.71875 0.6171875 0.0359375 0.0375
0 0.7109375 0.634375 0.0359375 0.0296875
0 0.6203125 0.6 0.0375 0.0375
0 0.6171875 0.5703125 0.0390625 0.034375
0 0.5796875 0.5546875 0.03125 0.028125
0 0.58125 0.5828125 0.0296875 0.0328125
0 0.021875 0.446875 0.021875 0.0296875
0 0.3390625 0.4265625 0.01875 0.025
0 0.2421875 0.4453125 0.0140625 0.0234375
0 0.459375 0.515625 0.0296875 0.0328125
0 0.3828125 0.50625 0.0234375 0.0375
0 0.1140625 0.4375 0.025 0.0265625