0 0.6890625 0.271875 0.05 0.0359375
0 0.8828125 0.6734375 0.0484375 0.0328125
0 0.84375 0.3234375 0.04375 0.03125
0 0.740625 0.3625 0.0515625 0.03125
0 0.8 0.646875 0.0546875 0.0375
0 0.25625 0.45 0.021875 0.053125
0 0.1703125 0.4046875 0.0375 0.0453125
0 0.6734375 0.5578125 0.03125 0.05625
0 0.4984375 0.6796875 0.0296875 0.0625
0 0.1875 0.709375 0.040625 0.0609375
0 0.1703125 0.575 0.0453125 0.065625
0 0.396875 0.534375 0.0484375 0.0578125
0 0.4328125 0.50625 0.040625 0.0578125
0 0.39375 0.40625 0.0453125 0.04375
0 0.6328125 0.3828125 0.0546875 0.0515625
0 0.628125 0.2984375 0.0671875 0.05
0 0.86875 0.3953125 0.05 0.0375
0 0.809375 0.58125 0.0484375 0.0515625
0 0.8484375 0.6078125 0.0484375 0.059375
0 0.815625 0.6984375 0.046875 0.05625
0 0.915625 0.79375 0.0671875 0.05625
0 0.328125 0.415625 0.046875 0.05625
0 0.1171875 0.2203125 0.0546875 0.0671875
0 0.153125 0.3484375 0.0578125 0.059375