0 0.753125 0.4234375 0.2015625 0.11875
0 0.8203125 0.325 0.1328125 0.084375
0 0.125 0.3984375 0.15625 0.1421875
0 0.690625 0.275 0.084375 0.065625
0 0.95 0.2453125 0.09375 0.0578125
0 0.96875 0.4015625 0.0609375 0.1078125
0 0.1234375 0.55 0.2453125 0.19375
0 0.575 0.58125 0.165625 0.178125
0 0.425 0.54375 0.10625 0.178125
0 0.73125 0.2625 0.0609375 0.046875
0 0.55 0.23125 0.0515625 0.034375
0 0.0953125 0.1859375 0.05625 0.0375
0 0.2015625 0.1875 0.0625 0.0234375
0 0.2203125 0.1828125 0.05 0.021875