0 0.6625 0.5953125 0.0921875 0.096875
0 0.1234375 0.6765625 0.053125 0.13125
0 0.88125 0.4203125 0.0890625 0.0484375
0 0.2703125 0.3328125 0.046875 0.021875
0 0.4015625 0.5359375 0.0640625 0.08125
0 0.3625 0.3546875 0.04375 0.034375
0 0.1109375 0.3546875 0.0453125 0.0328125
0 0.3921875 0.325 0.03125 0.021875
0 0.4734375 0.2828125 0.028125 0.01875
0 0.3109375 0.4328125 0.0328125 0.0546875
0 0.3359375 0.3234375 0.03125 0.0203125
0 0.5359375 0.5625 0.0921875 0.084375
0 0.103125 0.328125 0.0203125 0.01875
0 0.065625 0.3296875 0.028125 0.028125
0 0.2171875 0.3765625 0.021875 0.0375
0 0.4546875 0.3765625 0.0328125 0.0328125
0 0.65 0.403125 0.028125 0.0453125
0 0.5765625 0.35625 0.0390625 0.0296875
0 0.5515625 0.315625 0.021875 0.021875
0 0.5703125 0.421875 0.065625 0.040625
0 0.2171875 0.325 0.0328125 0.0203125
0 0.2890625 0.2953125 0.0171875 0.01875
0 0.4484375 0.3265625 0.028125 0.015625
0 0.1734375 0.3125 0.0421875 0.0203125
0 0.6203125 0.31875 0.0203125 0.025
0 0.5890625 0.2953125 0.0375 0.028125
0 0.5140625 0.2859375 0.0171875 0.021875
0 0.2140625 0.3 0.0203125 0.015625
0 0.525 0.35625 0.0390625 0.028125
0 0.175 0.51875 0.08125 0.0484375
0 0.103125 0.3078125 0.028125 0.0265625
0 0.19375 0.3328125 0.0359375 0.0234375
0 0.1703125 0.346875 0.05625 0.03125
0 0.6515625 0.2828125 0.028125 0.028125
0 0.7515625 0.3734375 0.0328125 0.0453125