0 0.2703125 0.4671875 0.0234375 0.028125
0 0.3625 0.578125 0.028125 0.0234375
0 0.378125 0.6109375 0.0328125 0.025
0 0.4046875 0.575 0.025 0.0265625
0 0.440625 0.5609375 0.0296875 0.03125
0 0.440625 0.5984375 0.0296875 0.021875
0 0.4671875 0.6390625 0.0296875 0.0328125
0 0.58125 0.5203125 0.03125 0.03125
0 0.5265625 0.49375 0.03125 0.028125
0 0.4796875 0.496875 0.0359375 0.0203125
0 0.490625 0.4375 0.01875 0.0125
0 0.5 0.3890625 0.021875 0.0234375
0 0.584375 0.3765625 0.03125 0.034375
0 0.609375 0.4203125 0.034375 0.028125
0 0.634375 0.459375 0.021875 0.021875
0 0.715625 0.496875 0.0265625 0.0265625
0 0.6625 0.5046875 0.0234375 0.015625
0 0.6484375 0.515625 0.021875 0.025
0 0.6203125 0.6046875 0.021875 0.03125
0 0.646875 0.6078125 0.025 0.0234375
0 0.659375 0.5953125 0.0234375 0.0265625
0 0.7484375 0.4359375 0.034375 0.01875
0 0.55 0.4296875 0.0265625 0.0265625
0 0.484375 0.4765625 0.03125 0.0140625