0 0.325 0.74375 0.0890625 0.1390625
0 0.0578125 0.76875 0.0890625 0.15
0 0.1265625 0.784375 0.0859375 0.15
0 0.2109375 0.8 0.0890625 0.1796875
0 0.2828125 0.7890625 0.11875 0.15
0 0.434375 0.7703125 0.109375 0.159375
0 0.5015625 0.7640625 0.0953125 0.159375
0 0.6640625 0.765625 0.1 0.16875
0 0.8484375 0.796875 0.0890625 0.165625
0 0.921875 0.790625 0.0890625 0.159375
0 0.0328125 0.25625 0.059375 0.0390625
0 0.4953125 0.2671875 0.05 0.0390625
0 0.584375 0.259375 0.0625 0.0390625
0 0.66875 0.265625 0.06875 0.05
0 0.8234375 0.2703125 0.053125 0.0390625
0 0.4421875 0.26875 0.05 0.05