0 0.2203125 0.8578125 0.253125 0.209375
0 0.6671875 0.8546875 0.165625 0.209375
0 0.4078125 0.790625 0.15 0.0859375
0 0.3921875 0.7296875 0.115625 0.065625
0 0.8578125 0.8234375 0.1890625 0.11875
0 0.225 0.7359375 0.1828125 0.0921875
0 0.084375 0.7703125 0.109375 0.2265625
0 0.940625 0.690625 0.1125 0.065625
0 0.6671875 0.75 0.1921875 0.0921875
0 0.8203125 0.740625 0.159375 0.1125
0 0.5734375 0.675 0.1 0.0625
0 0.5328125 0.775 0.1 0.0890625
0 0.740625 0.65 0.059375 0.059375
0 0.6921875 0.6484375 0.0625 0.05
0 0.4328125 0.6359375 0.11875 0.1125
0 0.8359375 0.6359375 0.071875 0.0796875
0 0.684375 0.6046875 0.0765625 0.05
0 0.75 0.609375 0.0796875 0.053125