0 0.2375 0.684375 0.08125 0.0625
0 0.515625 0.290625 0.0609375 0.046875
0 0.8078125 0.41875 0.0703125 0.0453125
0 0.353125 0.521875 0.05625 0.05625
0 0.8140625 0.7046875 0.0546875 0.05625
0 0.6015625 0.390625 0.0671875 0.0328125
0 0.5359375 0.7609375 0.0375 0.0640625
0 0.1859375 0.525 0.0375 0.053125
0 0.9140625 0.596875 0.0296875 0.0578125
0 0.5609375 0.421875 0.0578125 0.0359375
0 0.6984375 0.4546875 0.075 0.0390625
0 0.39375 0.2875 0.065625 0.04375
0 0.03125 0.4640625 0.03125 0.0578125
0 0.709375 0.234375 0.040625 0.04375
0 0.2453125 0.465625 0.0421875 0.040625
0 0.6125 0.315625 0.078125 0.0375
0 0.403125 0.328125 0.04375 0.0484375
0 0.1703125 0.3953125 0.05 0.0453125
0 0.446875 0.353125 0.0453125 0.0421875
0 0.1015625 0.271875 0.0671875 0.0453125
0 0.90625 0.46875 0.065625 0.04375
0 0.7953125 0.4796875 0.0765625 0.0390625
0 0.5296875 0.3390625 0.0671875 0.025
0 0.3265625 0.59375 0.05625 0.046875
0 0.9734375 0.3875 0.053125 0.0484375
0 0.0453125 0.5359375 0.0734375 0.034375
0 0.7875 0.3703125 0.0578125 0.040625
0 0.575 0.2703125 0.0203125 0.0328125
0 0.28125 0.4578125 0.04375 0.040625
0 0.2953125 0.41875 0.05625 0.04375
0 0.871875 0.415625 0.0421875 0.04375
0 0.7453125 0.328125 0.078125 0.0484375