0 0.7359375 0.4375 0.0375 0.0171875
0 0.765625 0.4359375 0.0296875 0.0125
0 0.8109375 0.4390625 0.025 0.0203125
0 0.8515625 0.4375 0.0296875 0.025
0 0.7765625 0.45625 0.0515625 0.0296875
0 0.690625 0.44375 0.0296875 0.0171875
0 0.890625 0.5328125 0.0515625 0.0859375
0 0.834375 0.515625 0.071875 0.0546875
0 0.5453125 0.4953125 0.046875 0.0546875
0 0.5765625 0.4640625 0.059375 0.034375
0 0.475 0.4484375 0.0171875 0.0203125
0 0.4171875 0.446875 0.034375 0.025
0 0.3953125 0.4328125 0.025 0.0171875
0 0.3234375 0.44375 0.0203125 0.0203125
0 0.215625 0.4359375 0.0203125 0.0125
0 0.1859375 0.4375 0.0171875 0.025
0 0.1359375 0.4390625 0.0203125 0.0203125
0 0.0515625 0.4421875 0.0296875 0.025
0 0.3625 0.465625 0.0546875 0.0296875
0 0.265625 0.4765625 0.0765625 0.046875
0 0.3625 0.5125 0.1109375 0.0765625
0 0.4234375 0.4953125 0.06875 0.0515625
0 0.5171875 0.4734375 0.0546875 0.0375