0 0.0359375 0.7328125 0.071875 0.1984375
0 0.1546875 0.7140625 0.1484375 0.234375
0 0.4203125 0.740625 0.325 0.1796875
0 0.8890625 0.734375 0.2203125 0.1953125
0 0.7859375 0.665625 0.23125 0.14375
0 0.1171875 0.5359375 0.03125 0.046875
0 0.0796875 0.540625 0.0578125 0.046875
0 0.16875 0.534375 0.071875 0.05
0 0.23125 0.534375 0.03125 0.03125
0 0.3671875 0.5453125 0.046875 0.05
0 0.284375 0.578125 0.06875 0.046875
0 0.40625 0.525 0.0578125 0.03125
0 0.465625 0.53125 0.0359375 0.025
0 0.440625 0.575 0.0828125 0.05
0 0.5421875 0.54375 0.0609375 0.0609375
0 0.6171875 0.5515625 0.0828125 0.046875
0 0.8328125 0.5484375 0.053125 0.0359375
0 0.8 0.5453125 0.0609375 0.05
0 0.9125 0.54375 0.05 0.0359375