0 0.0734375 0.6515625 0.0890625 0.1328125
0 0.234375 0.671875 0.096875 0.1390625
0 0.3078125 0.6046875 0.0796875 0.0859375
0 0.04375 0.5109375 0.0359375 0.01875
0 0.034375 0.525 0.0453125 0.021875
0 0.103125 0.509375 0.01875 0.021875
0 0.1265625 0.5109375 0.0296875 0.01875
0 0.1125 0.5296875 0.05625 0.0296875
0 0.15625 0.5265625 0.05 0.0265625
0 0.2328125 0.534375 0.05625 0.0265625
0 0.265625 0.515625 0.0453125 0.015625
0 0.3171875 0.5328125 0.0765625 0.0359375
0 0.45 0.5125 0.0265625 0.0125
0 0.4140625 0.509375 0.0125 0.0125
0 0.4015625 0.509375 0.0125 0.015625
0 0.3734375 0.5109375 0.01875 0.0125
0 0.5875 0.515625 0.0359375 0.01875
0 0.840625 0.509375 0.0359375 0.021875
0 0.953125 0.5078125 0.021875 0.015625
0 0.8375 0.65625 0.0765625 0.1390625
0 0.696875 0.53125 0.0796875 0.0390625
0 0.5546875 0.675 0.15625 0.1203125
0 0.6203125 0.6265625 0.2765625 0.19375