0 0.9390625 0.5234375 0.0859375 0.059375
0 0.7390625 0.5171875 0.05 0.0328125
0 0.84375 0.6109375 0.10625 0.059375
0 0.6640625 0.64375 0.053125 0.0265625
0 0.6 0.6375 0.10625 0.05625
0 0.628125 0.60625 0.0828125 0.0265625
0 0.5296875 0.525 0.05 0.021875
0 0.5765625 0.475 0.0953125 0.0453125
0 0.5296875 0.528125 0.059375 0.01875
0 0.4859375 0.565625 0.11875 0.053125
0 0.4078125 0.5453125 0.0828125 0.0328125
0 0.4328125 0.5875 0.11875 0.059375
0 0.4921875 0.615625 0.0390625 0.0359375
0 0.3703125 0.6203125 0.10625 0.059375
0 0.2734375 0.54375 0.0890625 0.053125
0 0.2234375 0.5265625 0.0890625 0.0453125
0 0.353125 0.4953125 0.1 0.0390625
0 0.2859375 0.4921875 0.0796875 0.0359375
0 0.4421875 0.4953125 0.103125 0.0359375
0 0.475 0.46875 0.0359375 0.021875
0 0.4140625 0.45625 0.0625 0.0265625
0 0.1296875 0.4515625 0.071875 0.0390625
0 0.0578125 0.4453125 0.05625 0.059375