0 0.253125 0.3375 0.046875 0.0171875
0 0.159375 0.3484375 0.0609375 0.0203125
0 0.0453125 0.3796875 0.05 0.0171875
0 0.0515625 0.4046875 0.06875 0.028125
0 0.21875 0.3640625 0.053125 0.028125
0 0.34375 0.3296875 0.0390625 0.0203125
0 0.396875 0.3203125 0.028125 0.0140625
0 0.390625 0.3421875 0.0421875 0.0203125
0 0.446875 0.334375 0.0203125 0.0203125
0 0.4765625 0.3234375 0.0390625 0.0171875
0 0.5421875 0.3203125 0.0390625 0.0203125
0 0.5875 0.3296875 0.0390625 0.025
0 0.6453125 0.321875 0.03125 0.0203125
0 0.6875 0.3296875 0.05 0.028125
0 0.8328125 0.375 0.05 0.0203125
0 0.8328125 0.3984375 0.0578125 0.03125
0 0.8453125 0.4703125 0.071875 0.0359375
0 0.7875 0.4703125 0.03125 0.03125
0 0.753125 0.5875 0.3375 0.1921875
0 0.6796875 0.41875 0.0640625 0.0359375
0 0.6109375 0.365625 0.05 0.028125
0 0.521875 0.3671875 0.028125 0.0203125
0 0.509375 0.3984375 0.028125 0.0203125
0 0.4703125 0.3984375 0.028125 0.025
0 0.3453125 0.36875 0.0390625 0.0203125
0 0.334375 0.39375 0.03125 0.025
0 0.1234375 0.45625 0.03125 0.0359375
0 0.1046875 0.49375 0.071875 0.03125
0 0.1703125 0.4703125 0.053125 0.03125
0 0.1703125 0.5140625 0.046875 0.028125
0 0.303125 0.4890625 0.075 0.0359375
0 0.4 0.503125 0.0609375 0.0421875
0 0.446875 0.496875 0.0421875 0.028125
0 0.475 0.5546875 0.09375 0.046875
0 0.490625 0.459375 0.0578125 0.028125
0 0.559375 0.4484375 0.0640625 0.0359375