0 0.0765625 0.41875 0.05 0.03125
0 0.2046875 0.3328125 0.0390625 0.0203125
0 0.2890625 0.3140625 0.028125 0.0171875
0 0.3671875 0.3203125 0.03125 0.028125
0 0.403125 0.3453125 0.0390625 0.03125
0 0.44375 0.3453125 0.03125 0.0203125
0 0.4703125 0.3453125 0.028125 0.0171875
0 0.509375 0.3515625 0.0390625 0.0203125
0 0.4640625 0.3140625 0.025 0.0171875
0 0.4859375 0.3265625 0.0359375 0.0171875
0 0.6078125 0.315625 0.028125 0.0140625
0 0.546875 0.39375 0.053125 0.03125
0 0.64375 0.3125 0.025 0.0140625
0 0.6671875 0.315625 0.028125 0.0171875
0 0.684375 0.321875 0.028125 0.0171875
0 0.696875 0.3125 0.025 0.0171875
0 0.7671875 0.3375 0.028125 0.025
0 0.85625 0.2796875 0.025 0.0171875
0 0.9046875 0.2796875 0.0203125 0.0171875
0 0.8859375 0.31875 0.0359375 0.0203125
0 0.9796875 0.290625 0.009375 0.0171875
0 0.953125 0.3671875 0.05 0.0390625
0 0.9 0.4421875 0.090625 0.0640625
0 0.1984375 0.540625 0.15625 0.1078125
0 0.353125 0.5484375 0.15625 0.1046875
0 0.559375 0.5671875 0.140625 0.1296875
0 0.6046875 0.6125 0.2359375 0.1671875
0 0.8265625 0.5234375 0.178125 0.1046875