0 0.165625 0.4828125 0.1453125 0.1359375
0 0.0328125 0.365625 0.040625 0.028125
0 0.2953125 0.3484375 0.05 0.03125
0 0.3875 0.3515625 0.065625 0.01875
0 0.4109375 0.3328125 0.06875 0.025
0 0.59375 0.3328125 0.025 0.04375
0 0.75 0.3453125 0.0625 0.03125
0 0.50625 0.34375 0.053125 0.025
0 0.53125 0.3390625 0.040625 0.021875
0 0.8203125 0.3765625 0.090625 0.040625
0 0.8578125 0.31875 0.08125 0.046875
0 0.9609375 0.3984375 0.053125 0.034375
0 0.5296875 0.3875 0.10625 0.05
0 0.534375 0.446875 0.1390625 0.0875
0 0.3640625 0.55 0.1984375 0.1953125
0 0.7203125 0.571875 0.4484375 0.275
0 0.0578125 0.2703125 0.034375 0.021875
0 0.4265625 0.2609375 0.03125 0.015625