0 0.0921875 0.3234375 0.0484375 0.0140625
0 0.1265625 0.34375 0.0484375 0.01875
0 0.1453125 0.35 0.0453125 0.01875
0 0.1390625 0.38125 0.075 0.0296875
0 0.240625 0.3828125 0.0796875 0.0296875
0 0.2359375 0.3640625 0.0640625 0.0328125
0 0.2125 0.328125 0.0328125 0.01875
0 0.1734375 0.321875 0.0375 0.01875
0 0.6265625 0.5875 0.246875 0.1640625
0 0.809375 0.49375 0.15625 0.15625
0 0.6359375 0.43125 0.0875 0.040625
0 0.55 0.4421875 0.0640625 0.0875
0 0.3078125 0.3625 0.071875 0.0265625
0 0.725 0.396875 0.053125 0.0265625
0 0.790625 0.3890625 0.0375 0.0296875
0 0.971875 0.3890625 0.053125 0.0328125
0 0.6359375 0.3671875 0.0375 0.021875
0 0.596875 0.3703125 0.0375 0.021875
0 0.7421875 0.3640625 0.0453125 0.040625
0 0.43125 0.409375 0.0828125 0.071875
0 0.36875 0.4484375 0.1328125 0.109375
0 0.378125 0.3625 0.0484375 0.0296875