0 0.053125 0.43125 0.0828125 0.0390625
0 0.0484375 0.5234375 0.096875 0.1734375
0 0.1453125 0.5109375 0.1375 0.1734375
0 0.2265625 0.4875 0.0828125 0.1484375
0 0.290625 0.4875 0.0796875 0.1296875
0 0.3734375 0.5140625 0.09375 0.18125
0 0.465625 0.54375 0.096875 0.209375
0 0.646875 0.625 0.359375 0.290625
0 0.9046875 0.4859375 0.1046875 0.0421875
0 0.6140625 0.453125 0.046875 0.0609375
0 0.5296875 0.45625 0.053125 0.046875
0 0.8203125 0.4765625 0.046875 0.075
0 0.7703125 0.465625 0.053125 0.0640625
0 0.6859375 0.45625 0.075 0.0609375