0 0.0390625 0.3765625 0.0765625 0.0890625
0 0.5609375 0.4734375 0.45625 0.3375
0 0.084375 0.3515625 0.01875 0.03125
0 0.1234375 0.3828125 0.0609375 0.03125
0 0.840625 0.3765625 0.040625 0.025
0 0.3203125 0.403125 0.0765625 0.034375
0 0.1765625 0.390625 0.0578125 0.028125
0 0.309375 0.36875 0.0375 0.028125
0 0.2703125 0.3328125 0.028125 0.015625
0 0.2078125 0.3203125 0.021875 0.009375
0 0.24375 0.3359375 0.015625 0.0125
0 0.1875 0.36875 0.0703125 0.04375
0 0.2609375 0.36875 0.046875 0.046875
0 0.296875 0.3375 0.025 0.021875
0 0.3578125 0.3453125 0.028125 0.015625
0 0.3625 0.3640625 0.04375 0.015625
0 0.415625 0.3703125 0.046875 0.0703125
0 0.36875 0.3828125 0.0578125 0.021875
0 0.9671875 0.36875 0.03125 0.025
0 0.9140625 0.3671875 0.05 0.025