0 0.0765625 0.3765625 0.0875 0.0546875
0 0.259375 0.378125 0.08125 0.0515625
0 0.078125 0.60625 0.084375 0.0515625
0 0.259375 0.60625 0.08125 0.0515625
0 0.3953125 0.3796875 0.0875 0.0515625
0 0.6 0.378125 0.08125 0.0515625
0 0.440625 0.4375 0.0875 0.0515625
0 0.5578125 0.440625 0.078125 0.0515625
0 0.5859375 0.5171875 0.08125 0.0515625
0 0.4203125 0.5703125 0.0875 0.0515625
0 0.4640625 0.63125 0.090625 0.0515625
0 0.590625 0.6140625 0.078125 0.0515625
0 0.7421875 0.3734375 0.0875 0.0546875
0 0.7375 0.4390625 0.0875 0.0515625
0 0.8578125 0.403125 0.078125 0.0546875
0 0.940625 0.371875 0.08125 0.0546875
0 0.821875 0.471875 0.0875 0.0546875
0 0.7328125 0.5140625 0.0875 0.0546875
0 0.9265625 0.465625 0.075 0.0515625
0 0.73125 0.5859375 0.0875 0.0515625
0 0.8640625 0.5765625 0.08125 0.0515625
0 0.940625 0.5609375 0.08125 0.0515625
0 0.79375 0.6375 0.090625 0.0515625
0 0.9390625 0.63125 0.08125 0.0546875