0 0.2578125 0.6515625 0.2828125 0.140625
0 0.1546875 0.53125 0.046875 0.0203125
0 0.234375 0.51875 0.0578125 0.0609375
0 0.3140625 0.5515625 0.11875 0.0609375
0 0.5703125 0.559375 0.1734375 0.0859375
0 0.709375 0.521875 0.1078125 0.0609375
0 0.6671875 0.503125 0.1125 0.053125
0 0.825 0.51875 0.06875 0.06875
0 0.9078125 0.5109375 0.0578125 0.025
0 0.9125 0.4859375 0.025 0.0171875
0 0.9453125 0.4828125 0.028125 0.0203125
0 0.940625 0.5015625 0.025 0.0171875
0 0.5578125 0.4859375 0.0390625 0.0140625
0 0.515625 0.4890625 0.028125 0.009375
0 0.325 0.49375 0.071875 0.0171875