0 0.0546875 0.4265625 0.0296875 0.01875
0 0.1390625 0.41875 0.05 0.034375
0 0.1203125 0.4359375 0.0609375 0.0265625
0 0.18125 0.41875 0.0453125 0.0265625
0 0.2453125 0.43125 0.0609375 0.01875
0 0.34375 0.41875 0.0453125 0.0265625
0 0.403125 0.4203125 0.0375 0.021875
0 0.4359375 0.434375 0.0421875 0.01875
0 0.4671875 0.41875 0.0375 0.0265625
0 0.540625 0.41875 0.0265625 0.0265625
0 0.6640625 0.4296875 0.0609375 0.0265625
0 0.796875 0.4640625 0.0453125 0.053125
0 0.940625 0.4625 0.071875 0.0453125
0 0.978125 0.496875 0.0421875 0.0296875
0 0.5953125 0.4359375 0.053125 0.021875
0 0.5953125 0.4359375 0.0296875 0.053125
0 0.55 0.49375 0.1234375 0.0453125
0 0.146875 0.578125 0.2921875 0.2234375
0 0.6890625 0.4875 0.103125 0.0765625
0 0.5484375 0.6546875 0.48125 0.2625
0 0.940625 0.65625 0.11875 0.134375