0 0.1484375 0.4890625 0.0953125 0.1125
0 0.5359375 0.3875 0.053125 0.0453125
0 0.2171875 0.565625 0.1515625 0.215625
0 0.2328125 0.4875 0.05625 0.1203125
0 0.29375 0.478125 0.0625 0.1234375
0 0.4203125 0.521875 0.1765625 0.1765625
0 0.7828125 0.5734375 0.2734375 0.2796875
0 0.6515625 0.3640625 0.028125 0.028125
0 0.946875 0.3640625 0.034375 0.028125
0 0.984375 0.3609375 0.03125 0.028125
0 0.965625 0.3828125 0.03125 0.034375
0 0.553125 0.365625 0.03125 0.0234375
0 0.525 0.3640625 0.0203125 0.0203125
0 0.2 0.3578125 0.0203125 0.0171875
0 0.1375 0.365625 0.0203125 0.0203125
0 0.2296875 0.3609375 0.0203125 0.0203125
0 0.234375 0.378125 0.0203125 0.028125
0 0.2515625 0.365625 0.0140625 0.0203125