0 0.425 0.5765625 0.3078125 0.1625
0 0.18125 0.4421875 0.25 0.1546875
0 0.725 0.41875 0.1984375 0.121875
0 0.8484375 0.3921875 0.075 0.1046875
0 0.79375 0.3140625 0.0890625 0.053125
0 0.6484375 0.328125 0.1109375 0.0609375
0 0.5 0.2953125 0.05 0.046875
0 0.325 0.3296875 0.0890625 0.0859375
0 0.3734375 0.259375 0.053125 0.05
0 0.434375 0.2734375 0.0390625 0.0390625
0 0.8671875 0.3078125 0.0828125 0.05
0 0.1703125 0.24375 0.0578125 0.03125
0 0.6296875 0.2578125 0.053125 0.0390625
0 0.70625 0.2953125 0.0796875 0.046875
0 0.1328125 0.271875 0.0796875 0.0421875
0 0.09375 0.2859375 0.05 0.0640625
0 0.96875 0.2984375 0.0390625 0.0390625
0 0.9875 0.3125 0.025 0.03125
0 0.0140625 0.259375 0.028125 0.046875
0 0.5828125 0.259375 0.025 0.03125
0 0.09375 0.240625 0.0390625 0.03125
0 0.046875 0.2375 0.05 0.03125