0 0.7 0.7984375 0.1015625 0.1140625
0 0.915625 0.6484375 0.0484375 0.0875
0 0.6203125 0.6984375 0.034375 0.053125
0 0.5375 0.8109375 0.0609375 0.1140625
0 0.1859375 0.859375 0.0609375 0.0703125
0 0.2734375 0.83125 0.0609375 0.065625
0 0.340625 0.8421875 0.0609375 0.075
0 0.715625 0.659375 0.034375 0.0609375
0 0.5984375 0.76875 0.0390625 0.084375
0 0.515625 0.740625 0.0296875 0.05625
0 0.4421875 0.7828125 0.034375 0.0796875
0 0.875 0.6046875 0.0265625 0.04375
0 0.484375 0.771875 0.0390625 0.0796875