0 0.434375 0.484375 0.0921875 0.1265625
0 0.8546875 0.5 0.23125 0.1421875
0 0.6375 0.5046875 0.1828125 0.121875
0 0.0828125 0.4484375 0.0953125 0.065625
0 0.2796875 0.4453125 0.0921875 0.0515625
0 0.3578125 0.4484375 0.0859375 0.0515625
0 0.5265625 0.4703125 0.1140625 0.0875
0 0.1390625 0.440625 0.053125 0.053125
0 0.6078125 0.4390625 0.0578125 0.028125
0 0.746875 0.4328125 0.04375 0.021875
0 0.6625 0.434375 0.0515625 0.0171875
0 0.628125 0.421875 0.0421875 0.0140625
0 0.5140625 0.4234375 0.053125 0.015625
0 0.5796875 0.425 0.0171875 0.0171875