0 0.33125 0.7109375 0.4765625 0.215625
0 0.86875 0.6328125 0.234375 0.2015625
0 0.8875 0.4609375 0.0421875 0.05625
0 0.74375 0.434375 0.059375 0.0484375
0 0.55625 0.5109375 0.0734375 0.0671875
0 0.653125 0.5515625 0.0484375 0.0875
0 0.425 0.5875 0.0625 0.10625
0 0.3203125 0.534375 0.05625 0.0703125
0 0.2953125 0.5203125 0.0484375 0.0671875
0 0.3875 0.4921875 0.0484375 0.0671875
0 0.8171875 0.5 0.0421875 0.053125
0 0.8328125 0.421875 0.0234375 0.034375
0 0.440625 0.484375 0.034375 0.028125
0 0.4828125 0.5171875 0.034375 0.078125
0 0.4375 0.5359375 0.0921875 0.08125
0 0.6578125 0.503125 0.103125 0.084375