0 0.2109375 0.7078125 0.06875 0.034375
0 0.3921875 0.734375 0.0859375 0.046875
0 0.3078125 0.690625 0.0515625 0.034375
0 0.3953125 0.671875 0.034375 0.0296875
0 0.3609375 0.6390625 0.0296875 0.0296875
0 0.2890625 0.6359375 0.0390625 0.0296875
0 0.1375 0.6421875 0.0421875 0.034375
0 0.459375 0.6546875 0.0203125 0.0296875
0 0.5046875 0.68125 0.0421875 0.034375
0 0.5625 0.65 0.046875 0.0296875
0 0.6125 0.65 0.034375 0.025
0 0.703125 0.6421875 0.0421875 0.0296875
0 0.603125 0.715625 0.078125 0.046875
0 0.7390625 0.675 0.078125 0.034375