0 0.4765625 0.64375 0.3609375 0.2375
0 0.4765625 0.528125 0.1828125 0.1
0 0.409375 0.4515625 0.14375 0.1546875
0 0.528125 0.4046875 0.0765625 0.0953125
0 0.29375 0.4265625 0.0609375 0.0828125
0 0.215625 0.45 0.0734375 0.046875
0 0.6796875 0.4078125 0.0640625 0.034375
0 0.215625 0.3984375 0.034375 0.021875
0 0.7375 0.3828125 0.0703125 0.028125
0 0.6421875 0.371875 0.034375 0.025
0 0.8140625 0.38125 0.0515625 0.025
0 0.13125 0.4375 0.1 0.0640625
0 0.88125 0.375 0.034375 0.01875
0 0.34375 0.3796875 0.040625 0.025