0 0.153125 0.6109375 0.0609375 0.0921875
0 0.6703125 0.578125 0.0828125 0.040625
0 0.2390625 0.5875 0.0640625 0.0375
0 0.2859375 0.5765625 0.0546875 0.0515625
0 0.578125 0.6046875 0.0578125 0.1
0 0.4265625 0.578125 0.0734375 0.04375
0 0.515625 0.5484375 0.0796875 0.034375
0 0.5296875 0.584375 0.0375 0.04375
0 0.484375 0.61875 0.0796875 0.11875
0 0.778125 0.5671875 0.0765625 0.0828125
0 0.7984375 0.5453125 0.0640625 0.0953125
0 0.903125 0.55 0.140625 0.0953125
0 0.9484375 0.58125 0.103125 0.109375