0 0.2625 0.634375 0.096875 0.10625
0 0.125 0.5703125 0.0828125 0.071875
0 0.3484375 0.55625 0.0609375 0.0515625
0 0.5625 0.596875 0.065625 0.078125
0 0.7890625 0.6359375 0.1140625 0.096875
0 0.8875 0.55 0.0859375 0.0375
0 0.7546875 0.55 0.034375 0.0375
0 0.6484375 0.540625 0.0296875 0.0375
0 0.515625 0.5484375 0.0546875 0.040625
0 0.4046875 0.53125 0.0484375 0.0296875
0 0.2515625 0.5390625 0.06875 0.040625
0 0.1640625 0.534375 0.0578125 0.04375
0 0.4625 0.5375 0.0296875 0.0296875
0 0.7296875 0.5203125 0.0296875 0.0234375
0 0.7890625 0.521875 0.034375 0.0234375
0 0.86875 0.51875 0.034375 0.0234375