0 0.3921875 0.615625 0.178125 0.1734375
0 0.221875 0.5625 0.134375 0.1375
0 0.54375 0.525 0.1296875 0.0796875
0 0.534375 0.4765625 0.0828125 0.046875
0 0.6984375 0.634375 0.4 0.25
0 0.9078125 0.4875 0.046875 0.0390625
0 0.7890625 0.4640625 0.0796875 0.0359375
0 0.815625 0.415625 0.075 0.0421875
0 0.103125 0.453125 0.0359375 0.025
0 0.3328125 0.440625 0.0390625 0.025
0 0.590625 0.4296875 0.025 0.05
0 0.7234375 0.440625 0.0578125 0.03125
0 0.515625 0.4359375 0.0421875 0.028125
0 0.4125 0.4421875 0.053125 0.0359375
0 0.4703125 0.4296875 0.05 0.0203125