0 0.5109375 0.5625 0.2171875 0.4421875
0 0.159375 0.521875 0.315625 0.340625
0 0.36875 0.4890625 0.1453125 0.3015625
0 0.821875 0.4921875 0.096875 0.290625
0 0.703125 0.4890625 0.1890625 0.3078125
0 0.3421875 0.5 0.140625 0.31875
0 0.7890625 0.271875 0.0390625 0.05
0 0.5359375 0.265625 0.05 0.0359375
0 0.4359375 0.265625 0.0421875 0.0359375
0 0.353125 0.3046875 0.046875 0.0578125
0 0.2484375 0.2765625 0.0640625 0.05
0 0.6546875 0.2625 0.028125 0.028125
0 0.375 0.2625 0.0390625 0.03125
0 0.5859375 0.259375 0.0359375 0.03125
0 0.8765625 0.3375 0.09375 0.09375
0 0.9484375 0.4859375 0.1015625 0.3265625
0 0.034375 0.296875 0.046875 0.0640625
0 0.0375 0.34375 0.075 0.03125
0 0.1984375 0.3453125 0.1125 0.075
0 0.715625 0.31875 0.06875 0.046875
0 0.9703125 0.31875 0.0578125 0.053125
0 0.6359375 0.34375 0.090625 0.096875
0 0.78125 0.321875 0.0609375 0.05
0 0.034375 0.26875 0.06875 0.0421875
0 0.175 0.2859375 0.0390625 0.0640625
0 0.2015625 0.278125 0.03125 0.0421875
0 0.2875 0.4328125 0.075 0.1234375
0 0.559375 0.321875 0.0609375 0.0421875