0 0.8796875 0.54375 0.084375 0.0375
0 0.9171875 0.446875 0.0796875 0.05
0 0.859375 0.296875 0.06875 0.06875
0 0.7515625 0.4375 0.0609375 0.053125
0 0.7453125 0.540625 0.065625 0.0375
0 0.6421875 0.196875 0.0796875 0.05
0 0.5828125 0.253125 0.06875 0.05
0 0.4734375 0.315625 0.0453125 0.0796875
0 0.4765625 0.575 0.0578125 0.053125
0 0.55 0.6421875 0.0765625 0.0265625
0 0.3828125 0.6796875 0.05 0.053125
0 0.2453125 0.34375 0.034375 0.0609375
0 0.3671875 0.384375 0.071875 0.0421875
0 0.4015625 0.434375 0.06875 0.0421875
0 0.3375 0.5125 0.06875 0.0453125
0 0.3328125 0.575 0.071875 0.034375
0 0.2265625 0.528125 0.0578125 0.053125
0 0.3015625 0.634375 0.05 0.071875
0 0.2796875 0.6921875 0.071875 0.05
0 0.134375 0.7421875 0.0578125 0.05
0 0.4015625 0.2171875 0.071875 0.0296875
0 0.3390625 0.2203125 0.05 0.053125
0 0.13125 0.6484375 0.0453125 0.0375