0 0.2078125 0.6109375 0.15625 0.0984375
0 0.396875 0.621875 0.1484375 0.1
0 0.6875 0.625 0.196875 0.0953125
0 0.55 0.5484375 0.0984375 0.0390625
0 0.3453125 0.5609375 0.08125 0.0640625
0 0.2109375 0.5359375 0.078125 0.046875
0 0.590625 0.60625 0.134375 0.1234375
0 0.8421875 0.6 0.084375 0.08125
0 0.9734375 0.553125 0.046875 0.04375
0 0.2765625 0.5203125 0.05 0.0296875
0 0.0265625 0.5125 0.04375 0.0328125
0 0.015625 0.5484375 0.0296875 0.0421875
0 0.7953125 0.5484375 0.0921875 0.0421875
0 0.125 0.5390625 0.0671875 0.05