0 0.8359375 0.5703125 0.1078125 0.09375
0 0.6234375 0.559375 0.1921875 0.1015625
0 0.090625 0.509375 0.18125 0.1453125
0 0.91875 0.5109375 0.0640625 0.046875
0 0.4234375 0.525 0.140625 0.096875
0 0.2578125 0.4765625 0.0578125 0.0359375
0 0.7265625 0.4984375 0.0203125 0.0421875
0 0.6328125 0.49375 0.075 0.0421875
0 0.15625 0.4328125 0.0421875 0.03125
0 0.775 0.5015625 0.0578125 0.0359375
0 0.8203125 0.4984375 0.05 0.028125
0 0.5140625 0.475 0.0578125 0.0171875
0 0.2078125 0.53125 0.0859375 0.1015625