0 0.25625 0.321875 0.1375 0.096875
0 0.421875 0.321875 0.159375 0.0796875
0 0.5890625 0.321875 0.1421875 0.0796875
0 0.7484375 0.321875 0.1453125 0.075
0 0.2515625 0.4359375 0.1375 0.075
0 0.421875 0.4359375 0.1328125 0.0796875
0 0.5859375 0.4375 0.1421875 0.0875
0 0.746875 0.4359375 0.1328125 0.075
0 0.253125 0.5578125 0.1421875 0.1015625
0 0.4203125 0.5578125 0.15 0.0875
0 0.5859375 0.5578125 0.1375 0.084375
0 0.753125 0.55625 0.128125 0.075
0 0.246875 0.6734375 0.128125 0.065625
0 0.4203125 0.6734375 0.1234375 0.075
0 0.5890625 0.6734375 0.1328125 0.084375
0 0.7484375 0.675 0.075 0.096875