0 0.5953125 0.45625 0.109375 0.071875
0 0.834375 0.6390625 0.2609375 0.1703125
0 0.103125 0.6625 0.125 0.16875
0 0.64375 0.303125 0.05 0.0390625
0 0.7515625 0.5390625 0.1546875 0.134375
0 0.6609375 0.4015625 0.109375 0.06875
0 0.6421875 0.2609375 0.021875 0.025
0 0.6890625 0.290625 0.0359375 0.0328125
0 0.771875 0.35625 0.059375 0.0453125
0 0.94375 0.3359375 0.0796875 0.0421875
0 0.9078125 0.365625 0.096875 0.0578125
0 0.8734375 0.334375 0.065625 0.0375
0 0.8546875 0.3796875 0.0828125 0.0609375
0 0.60625 0.421875 0.1171875 0.0578125
0 0.2234375 0.2953125 0.021875 0.0375
0 0.2609375 0.3578125 0.04375 0.0578125
0 0.2609375 0.2609375 0.0203125 0.025
0 0.5953125 0.3 0.015625 0.0296875
0 0.4265625 0.371875 0.028125 0.0546875
0 0.1390625 0.534375 0.0765625 0.121875
0 0.1390625 0.6125 0.096875 0.0546875
0 0.1984375 0.5203125 0.078125 0.1203125
0 0.2265625 0.4515625 0.0453125 0.071875
0 0.2578125 0.49375 0.0453125 0.1
0 0.2875 0.5125 0.05625 0.109375
0 0.33125 0.5171875 0.0625 0.1
0 0.3046875 0.446875 0.053125 0.05625
0 0.3515625 0.4484375 0.0515625 0.08125
0 0.4109375 0.5953125 0.0703125 0.09375
0 0.403125 0.5296875 0.090625 0.109375
0 0.4140625 0.45625 0.065625 0.0875
0 0.7625 0.68125 0.09375 0.128125
0 0.7609375 0.484375 0.053125 0.053125
0 0.7546875 0.4515625 0.0578125 0.05625
0 0.5296875 0.534375 0.121875 0.10625
0 0.5765625 0.575 0.0765625 0.1390625
0 0.653125 0.5859375 0.1109375 0.1734375
0 0.6625 0.3609375 0.0453125 0.0375
0 0.6125 0.3703125 0.0453125 0.040625
0 0.5625 0.3546875 0.0421875 0.034375
0 0.5 0.3484375 0.034375 0.0375
0 0.49375 0.4109375 0.04375 0.0703125
0 0.4546875 0.4140625 0.05 0.0640625
0 0.5078125 0.4046875 0.0875 0.0640625
0 0.4734375 0.471875 0.1015625 0.0890625
0 0.5421875 0.3859375 0.0421875 0.05625
0 0.5765625 0.38125 0.065625 0.04375