0 0.6234375 0.3828125 0.0328125 0.0421875
0 0.1296875 0.48125 0.034375 0.0453125
0 0.3640625 0.4421875 0.0359375 0.046875
0 0.153125 0.371875 0.021875 0.0390625
0 0.3359375 0.5 0.0390625 0.046875
0 0.15625 0.5734375 0.0296875 0.059375
0 0.1734375 0.53125 0.0328125 0.0453125
0 0.721875 0.4671875 0.0296875 0.0421875
0 0.4359375 0.571875 0.0203125 0.04375
0 0.1796875 0.584375 0.025 0.0484375
0 0.3921875 0.6984375 0.0359375 0.0453125
0 0.3875 0.578125 0.040625 0.0484375
0 0.48125 0.6375 0.0234375 0.046875
0 0.5421875 0.740625 0.034375 0.0515625
0 0.6390625 0.7734375 0.0328125 0.046875