0 0.9046875 0.303125 0.0421875 0.0328125
0 0.478125 0.6609375 0.153125 0.0859375
0 0.3359375 0.6921875 0.1453125 0.115625
0 0.4984375 0.5859375 0.1421875 0.075
0 0.2203125 0.5359375 0.096875 0.084375
0 0.9390625 0.5625 0.109375 0.0796875
0 0.3984375 0.609375 0.1171875 0.065625
0 0.8484375 0.3015625 0.0359375 0.0265625
0 0.8546875 0.6875 0.1265625 0.11875
0 0.8484375 0.5359375 0.075 0.075
0 0.0875 0.58125 0.1109375 0.096875
0 0.609375 0.721875 0.1453125 0.0578125
0 0.665625 0.33125 0.071875 0.0390625
0 0.6734375 0.6828125 0.115625 0.0984375
0 0.7359375 0.35 0.05625 0.040625
0 0.9703125 0.6125 0.059375 0.090625
0 0.5640625 0.5203125 0.0953125 0.0671875
0 0.809375 0.6078125 0.121875 0.0796875
0 0.815625 0.2984375 0.03125 0.025
0 0.765625 0.5625 0.13125 0.071875
0 0.778125 0.4140625 0.0578125 0.053125
0 0.83125 0.334375 0.05625 0.0328125
0 0.325 0.571875 0.121875 0.065625
0 0.45 0.3734375 0.0484375 0.040625
0 0.7328125 0.6453125 0.1328125 0.0890625
0 0.8375 0.2828125 0.0359375 0.025
0 0.821875 0.3765625 0.0265625 0.04375
0 0.228125 0.465625 0.0359375 0.0515625
0 0.2109375 0.3453125 0.0203125 0.034375
0 0.60625 0.3421875 0.025 0.0296875
0 0.784375 0.3640625 0.021875 0.0375
0 0.68125 0.28125 0.025 0.0234375
0 0.5546875 0.428125 0.071875 0.0375
0 0.553125 0.34375 0.04375 0.0359375
0 0.4515625 0.4859375 0.0953125 0.0625
0 0.4296875 0.21875 0.0171875 0.0125
0 0.5890625 0.2546875 0.0453125 0.0203125
0 0.7671875 0.28125 0.0265625 0.028125
0 0.740625 0.253125 0.0234375 0.0171875
0 0.2390625 0.3375 0.0234375 0.0328125
0 0.2734375 0.490625 0.03125 0.0671875
0 0.9640625 0.3109375 0.046875 0.0359375
0 0.5953125 0.2953125 0.046875 0.0265625
0 0.4890625 0.5171875 0.0484375 0.0734375
0 0.64375 0.278125 0.0234375 0.0171875
0 0.6328125 0.2453125 0.025 0.015625
0 0.3453125 0.53125 0.0546875 0.0484375
0 0.1765625 0.3296875 0.0203125 0.0328125
0 0.5 0.4078125 0.0578125 0.0453125
0 0.40625 0.46875 0.1015625 0.0578125
0 0.1296875 0.5109375 0.0578125 0.0796875
0 0.8703125 0.3359375 0.0390625 0.034375
0 0.68125 0.5640625 0.071875 0.0484375
0 0.29375 0.459375 0.040625 0.0578125
0 0.5421875 0.4640625 0.0765625 0.0640625
0 0.3421875 0.3671875 0.0265625 0.0328125
0 0.1734375 0.4140625 0.0328125 0.0640625
0 0.296875 0.2828125 0.04375 0.0234375
0 0.6453125 0.64375 0.1375 0.078125
0 0.5203125 0.240625 0.0265625 0.0140625
0 0.4984375 0.7109375 0.0921875 0.078125
0 0.3328125 0.459375 0.0375 0.0625
0 0.3578125 0.4921875 0.05 0.0578125
0 0.4078125 0.4453125 0.103125 0.0359375
0 0.3875 0.4125 0.0390625 0.0453125
0 0.4171875 0.40625 0.06875 0.040625
0 0.3546875 0.40625 0.04375 0.046875
0 0.31875 0.3984375 0.0453125 0.059375
0 0.2703125 0.4015625 0.040625 0.0546875
0 0.2046875 0.3953125 0.0640625 0.0484375
0 0.2390625 0.4109375 0.0375 0.040625
0 0.2703125 0.3421875 0.021875 0.04375
0 0.296875 0.359375 0.040625 0.03125
0 0.34375 0.365625 0.028125 0.0359375
0 0.7015625 0.3515625 0.046875 0.040625
0 0.559375 0.3921875 0.071875 0.05
0 0.58125 0.403125 0.0390625 0.05
0 0.525 0.4015625 0.0515625 0.0265625
0 0.503125 0.375 0.0515625 0.0296875
0 0.5484375 0.3375 0.0578125 0.0453125
0 0.2484375 0.2921875 0.01875 0.0203125
0 0.64375 0.6140625 0.14375 0.071875