0 0.9125 0.646875 0.14375 0.1203125
0 0.7765625 0.3296875 0.053125 0.046875
0 0.7734375 0.4890625 0.05 0.084375
0 0.7140625 0.5921875 0.053125 0.1265625
0 0.3453125 0.534375 0.075 0.096875
0 0.49375 0.30625 0.021875 0.04375
0 0.39375 0.5 0.040625 0.09375
0 0.5953125 0.303125 0.0296875 0.046875
0 0.6515625 0.225 0.0203125 0.0109375
0 0.496875 0.5140625 0.040625 0.1046875
0 0.553125 0.31875 0.034375 0.0359375
0 0.5625 0.5359375 0.04375 0.1109375
0 0.6796875 0.6703125 0.065625 0.1453125
0 0.5828125 0.33125 0.0328125 0.0484375
0 0.7484375 0.5171875 0.053125 0.1046875