0 0.365625 0.5671875 0.103125 0.0890625
0 0.8921875 0.55 0.125 0.0859375
0 0.7 0.4625 0.0578125 0.0703125
0 0.496875 0.509375 0.059375 0.09375
0 0.6015625 0.309375 0.04375 0.0375
0 0.378125 0.515625 0.0625 0.0828125
0 0.328125 0.309375 0.028125 0.0390625
0 0.55 0.5 0.0484375 0.0921875
0 0.74375 0.6125 0.0890625 0.1125
0 0.421875 0.2234375 0.0234375 0.009375
0 0.43125 0.3015625 0.0390625 0.03125
0 0.3953125 0.3203125 0.03125 0.0328125
0 0.725 0.534375 0.08125 0.09375
0 0.43125 0.328125 0.0359375 0.0390625
0 0.703125 0.4375 0.0734375 0.0640625