0 0.3875 0.390625 0.0265625 0.01875
0 0.5375 0.4671875 0.021875 0.028125
0 0.5828125 0.440625 0.0203125 0.021875
0 0.5546875 0.4328125 0.0265625 0.0234375
0 0.53125 0.446875 0.0203125 0.0234375
0 0.334375 0.390625 0.0109375 0.0171875
0 0.340625 0.3703125 0.0125 0.0171875
0 0.4203125 0.3890625 0.0171875 0.0171875
0 0.4546875 0.39375 0.015625 0.0234375
0 0.490625 0.40625 0.0140625 0.0203125
0 0.5328125 0.409375 0.021875 0.0171875
0 0.634375 0.434375 0.015625 0.0234375
0 0.4734375 0.4 0.0125 0.01875
0 0.471875 0.3859375 0.0125 0.0140625
0 0.309375 0.3875 0.01875 0.01875
0 0.209375 0.3671875 0.0265625 0.0203125
0 0.596875 0.4375 0.021875 0.0296875
0 0.60625 0.4265625 0.0171875 0.0203125
0 0.5671875 0.4171875 0.0140625 0.0171875
0 0.1453125 0.3546875 0.015625 0.0140625