0 0.1328125 0.421875 0.059375 0.05625
0 0.321875 0.3546875 0.04375 0.0234375
0 0.20625 0.43125 0.06875 0.05625
0 0.3234375 0.4375 0.0625 0.0515625
0 0.215625 0.3671875 0.059375 0.0390625
0 0.671875 0.403125 0.034375 0.0421875
0 0.5859375 0.3984375 0.03125 0.0453125
0 0.3109375 0.390625 0.0375 0.0328125
0 0.3609375 0.4078125 0.04375 0.0421875
0 0.55625 0.384375 0.028125 0.0328125
0 0.1390625 0.390625 0.05625 0.0421875
0 0.3125 0.346875 0.0421875 0.028125
0 0.4078125 0.3453125 0.03125 0.034375
0 0.75 0.3484375 0.028125 0.03125
0 0.690625 0.315625 0.021875 0.0328125