0 0.7734375 0.4453125 0.0296875 0.0546875
0 0.49375 0.43125 0.0265625 0.05
0 0.615625 0.5734375 0.04375 0.0625
0 0.5484375 0.590625 0.053125 0.096875
0 0.6265625 0.4359375 0.025 0.0453125
0 0.5484375 0.415625 0.025 0.0421875
0 0.6625 0.4140625 0.0265625 0.0421875
0 0.5890625 0.68125 0.0625 0.1390625
0 0.6921875 0.4625 0.0375 0.05625
0 0.41875 0.3359375 0.015625 0.0265625
0 0.71875 0.38125 0.0171875 0.034375
0 0.60625 0.403125 0.0203125 0.034375
0 0.503125 0.38125 0.025 0.034375
0 0.44375 0.3421875 0.0109375 0.0359375
0 0.4625 0.34375 0.0203125 0.028125
0 0.5421875 0.3890625 0.0203125 0.0296875
0 0.5765625 0.396875 0.01875 0.0359375
0 0.6984375 0.415625 0.01875 0.0265625
0 0.6984375 0.39375 0.0171875 0.0296875
0 0.6546875 0.38125 0.021875 0.028125