0 0.6625 0.5984375 0.05 0.103125
0 0.7296875 0.49375 0.0359375 0.0640625
0 0.5171875 0.540625 0.0546875 0.0859375
0 0.4171875 0.4421875 0.0390625 0.0671875
0 0.51875 0.40625 0.04375 0.0453125
0 0.4421875 0.3734375 0.028125 0.04375
0 0.496875 0.4265625 0.0375 0.0453125
0 0.403125 0.3671875 0.025 0.0421875
0 0.475 0.4515625 0.04375 0.0484375
0 0.365625 0.3734375 0.03125 0.040625
0 0.4609375 0.403125 0.028125 0.0390625
0 0.55 0.4890625 0.0453125 0.0765625
0 0.6796875 0.475 0.0359375 0.0703125
0 0.5375 0.3125 0.0328125 0.0234375
0 0.590625 0.4671875 0.03125 0.059375
0 0.4125 0.7296875 0.109375 0.1015625
0 0.7171875 0.4171875 0.0296875 0.053125
0 0.7078125 0.35625 0.0203125 0.025
0 0.640625 0.3703125 0.03125 0.0265625
0 0.675 0.396875 0.03125 0.0421875
0 0.628125 0.4375 0.0296875 0.046875
0 0.48125 0.3609375 0.0359375 0.03125
0 0.6375 0.3140625 0.0265625 0.0203125
0 0.6859375 0.434375 0.025 0.040625
0 0.578125 0.41875 0.0328125 0.0453125