0 0.746875 0.528125 0.1359375 0.0890625
0 0.3140625 0.521875 0.14375 0.071875
0 0.4046875 0.6359375 0.23125 0.140625
0 0.2640625 0.465625 0.1 0.0453125
0 0.5578125 0.3984375 0.071875 0.0328125
0 0.2875 0.415625 0.0953125 0.0453125
0 0.35625 0.4359375 0.096875 0.0359375
0 0.1390625 0.4171875 0.0765625 0.028125
0 0.0828125 0.4640625 0.1015625 0.05
0 0.5484375 0.4390625 0.090625 0.0515625
0 0.653125 0.503125 0.084375 0.084375
0 0.6328125 0.484375 0.096875 0.0625
0 0.7609375 0.428125 0.0640625 0.04375
0 0.74375 0.459375 0.0828125 0.0359375
0 0.646875 0.440625 0.0875 0.040625