0 0.7921875 0.3203125 0.0296875 0.0546875
0 0.578125 0.459375 0.0484375 0.09375
0 0.5015625 0.3015625 0.0265625 0.053125
0 0.7234375 0.29375 0.0265625 0.04375
0 0.509375 0.2578125 0.0234375 0.0421875
0 0.528125 0.234375 0.028125 0.0296875
0 0.66875 0.284375 0.0203125 0.046875
0 0.6421875 0.4421875 0.0390625 0.0671875
0 0.7125 0.3359375 0.0296875 0.05625
0 0.634375 0.3015625 0.0296875 0.0640625
0 0.6171875 0.2859375 0.028125 0.0515625
0 0.6359375 0.540625 0.059375 0.096875
0 0.571875 0.2921875 0.0265625 0.0421875
0 0.553125 0.275 0.0203125 0.0421875
0 0.575 0.2640625 0.0171875 0.0421875
0 0.5921875 0.2515625 0.0203125 0.034375
0 0.6625 0.2375 0.0203125 0.025
0 0.6671875 0.2578125 0.0265625 0.021875
0 0.690625 0.275 0.01875 0.0390625
0 0.728125 0.25 0.021875 0.0328125
0 0.715625 0.26875 0.021875 0.0375
0 0.6140625 0.2375 0.01875 0.034375