0 0.884375 0.6953125 0.115625 0.1296875
0 0.86875 0.3515625 0.0546875 0.0515625
0 0.5578125 0.5421875 0.0515625 0.0921875
0 0.7671875 0.228125 0.0171875 0.01875
0 0.6984375 0.6171875 0.0484375 0.1296875
0 0.3484375 0.521875 0.05625 0.096875
0 0.415625 0.490625 0.0359375 0.0921875
0 0.8015625 0.5203125 0.05 0.109375
0 0.6796875 0.3140625 0.03125 0.05
0 0.5703125 0.3109375 0.021875 0.0453125
0 0.496875 0.521875 0.0375 0.1015625
0 0.625 0.3296875 0.0328125 0.053125
0 0.65625 0.34375 0.028125 0.04375
0 0.6609375 0.3140625 0.025 0.0359375
0 0.625 0.6765625 0.0828125 0.1515625
0 0.7625 0.5421875 0.0515625 0.115625