0 0.334375 0.415625 0.0828125 0.040625
0 0.0546875 0.3671875 0.0625 0.028125
0 0.3640625 0.4671875 0.1046875 0.0671875
0 0.234375 0.428125 0.08125 0.0484375
0 0.35625 0.7171875 0.3609375 0.121875
0 0.7046875 0.4328125 0.08125 0.0609375
0 0.1328125 0.3875 0.05625 0.0359375
0 0.378125 0.38125 0.0484375 0.03125
0 0.4328125 0.390625 0.0234375 0.0296875
0 0.2734375 0.3640625 0.0390625 0.0203125
0 0.459375 0.365625 0.0421875 0.046875
0 0.409375 0.365625 0.040625 0.028125
0 0.1140625 0.3515625 0.03125 0.0203125
0 0.1734375 0.3703125 0.040625 0.0265625
0 0.503125 0.35625 0.028125 0.0265625
0 0.1890625 0.346875 0.0296875 0.0171875
0 0.215625 0.3625 0.0421875 0.0296875
0 0.559375 0.3859375 0.0171875 0.0265625
0 0.5296875 0.378125 0.015625 0.021875
0 0.6234375 0.3859375 0.0171875 0.025
0 0.6421875 0.390625 0.0296875 0.0234375
0 0.671875 0.39375 0.040625 0.0328125
0 0.6046875 0.371875 0.0265625 0.028125