0 0.528125 0.6546875 0.34375 0.2421875
0 0.64375 0.4203125 0.1125 0.0734375
0 0.53125 0.3890625 0.0765625 0.05
0 0.1484375 0.3421875 0.0453125 0.0296875
0 0.625 0.3796875 0.084375 0.0390625
0 0.453125 0.359375 0.0515625 0.034375
0 0.303125 0.3578125 0.05625 0.04375
0 0.384375 0.3421875 0.046875 0.0265625
0 0.7265625 0.3671875 0.0390625 0.04375
0 0.075 0.3375 0.0703125 0.0359375
0 0.896875 0.36875 0.059375 0.034375
0 0.1625 0.33125 0.046875 0.0171875
0 0.7734375 0.3578125 0.0484375 0.03125
0 0.4921875 0.3453125 0.0375 0.0265625
0 0.571875 0.346875 0.0296875 0.021875
0 0.446875 0.3328125 0.021875 0.0203125