0 0.525 0.5453125 0.234375 0.3109375
0 0.8109375 0.5640625 0.2921875 0.3140625
0 0.240625 0.4359375 0.2671875 0.2109375
0 0.671875 0.3984375 0.0765625 0.1359375
0 0.60625 0.2859375 0.0609375 0.0765625
0 0.7921875 0.3890625 0.134375 0.1265625
0 0.0625 0.5640625 0.1203125 0.2921875
0 0.409375 0.246875 0.146875 0.1015625
0 0.1046875 0.26875 0.0578125 0.0921875
0 0.0515625 0.3 0.1015625 0.0765625
0 0.028125 0.38125 0.05625 0.1125
0 0.571875 0.225 0.09375 0.065625
0 0.7671875 0.20625 0.0515625 0.0578125
0 0.696875 0.2421875 0.04375 0.06875
0 0.5671875 0.3796875 0.09375 0.096875
0 0.6578125 0.23125 0.0421875 0.0640625
0 0.840625 0.2515625 0.0890625 0.08125
0 0.9203125 0.4265625 0.159375 0.1984375
0 0.9125 0.325 0.09375 0.0625