0 0.3578125 0.5296875 0.4 0.3265625
0 0.3203125 0.309375 0.16875 0.25
0 0.553125 0.40625 0.1484375 0.3125
0 0.325 0.6953125 0.18125 0.2765625
0 0.66875 0.671875 0.2734375 0.3234375
0 0.6359375 0.509375 0.221875 0.309375
0 0.50625 0.68125 0.1546875 0.3046875
0 0.8359375 0.690625 0.1984375 0.2875
0 0.85 0.453125 0.240625 0.2828125
0 0.790625 0.2984375 0.284375 0.221875
0 0.0890625 0.48125 0.1765625 0.3109375
0 0.1875 0.4078125 0.1765625 0.2421875
0 0.1203125 0.696875 0.190625 0.2734375
0 0.6828125 0.253125 0.1328125 0.1703125
0 0.3640625 0.396875 0.25625 0.234375
0 0.921875 0.403125 0.1546875 0.209375
0 0.9203125 0.653125 0.1578125 0.259375