0 0.9265625 0.75625 0.0734375 0.046875
0 0.70625 0.746875 0.0546875 0.034375
0 0.6015625 0.759375 0.08125 0.04375
0 0.696875 0.6 0.059375 0.040625
0 0.89375 0.5921875 0.0375 0.0359375
0 0.8359375 0.5390625 0.05 0.03125
0 0.1515625 0.4859375 0.040625 0.03125
0 0.521875 0.725 0.096875 0.071875
0 0.015625 0.6125 0.03125 0.0484375
0 0.68125 0.6375 0.04375 0.0359375
0 0.1796875 0.5515625 0.0484375 0.0328125
0 0.746875 0.465625 0.04375 0.0359375
0 0.9609375 0.7125 0.0765625 0.040625
0 0.753125 0.7125 0.0546875 0.0453125
0 0.178125 0.6453125 0.0640625 0.04375
0 0.75625 0.690625 0.0625 0.0328125
0 0.53125 0.5453125 0.0484375 0.0296875
0 0.70625 0.51875 0.04375 0.0265625
0 0.740625 0.771875 0.075 0.0203125
0 0.7609375 0.5453125 0.040625 0.0296875
0 0.759375 0.628125 0.0484375 0.0375
0 0.7609375 0.603125 0.059375 0.0265625
0 0.9359375 0.3796875 0.0328125 0.0375
0 0.215625 0.5328125 0.0421875 0.05
0 0.940625 0.3875 0.0234375 0.021875
0 0.171875 0.671875 0.04375 0.046875
0 0.0640625 0.69375 0.059375 0.05625
0 0.0859375 0.6609375 0.0265625 0.034375
0 0.0484375 0.6765625 0.0515625 0.0359375
0 0.521875 0.6734375 0.0328125 0.05
0 0.128125 0.5171875 0.025 0.0296875
0 0.50625 0.48125 0.0453125 0.0296875
0 0.65625 0.478125 0.0328125 0.0296875
0 0.7859375 0.6609375 0.0671875 0.05
0 0.8 0.728125 0.0296875 0.05625
0 0.8296875 0.74375 0.0359375 0.040625
0 0.8703125 0.7484375 0.040625 0.05
0 0.8953125 0.70625 0.046875 0.0359375
0 0.9203125 0.7171875 0.0671875 0.021875
0 0.9484375 0.75 0.0828125 0.0515625
0 0.8546875 0.628125 0.04375 0.034375
0 0.9125 0.640625 0.075 0.021875
0 0.9625 0.55 0.0234375 0.025
0 0.9828125 0.496875 0.034375 0.0390625
0 0.9328125 0.51875 0.04375 0.028125
0 0.596875 0.5921875 0.053125 0.0359375
0 0.44375 0.4859375 0.0453125 0.0296875
0 0.0984375 0.4234375 0.03125 0.0265625
0 0.0578125 0.4359375 0.0234375 0.028125
0 0.075 0.4765625 0.025 0.0296875
0 0.8484375 0.3921875 0.0328125 0.0203125
0 0.7953125 0.3875 0.0328125 0.028125
0 0.825 0.4546875 0.025 0.03125