0 0.315625 0.4875 0.0796875 0.053125
0 0.040625 0.615625 0.0796875 0.14375
0 0.359375 0.4765625 0.0890625 0.05
0 0.3953125 0.496875 0.06875 0.0453125
0 0.4609375 0.4765625 0.05625 0.0421875
0 0.4796875 0.4578125 0.0546875 0.05
0 0.4984375 0.503125 0.084375 0.05625
0 0.5359375 0.4796875 0.0515625 0.0453125
0 0.5796875 0.4828125 0.0671875 0.04375
0 0.6453125 0.48125 0.053125 0.0609375
0 0.56875 0.5453125 0.0875 0.1
0 0.675 0.4859375 0.0328125 0.046875
0 0.6828125 0.459375 0.0328125 0.040625
0 0.778125 0.4640625 0.0625 0.046875
0 0.759375 0.5 0.078125 0.075
0 0.771875 0.45 0.04375 0.0328125
0 0.396875 0.553125 0.13125 0.1125