0 0.9359375 0.2734375 0.1265625 0.084375
0 0.4515625 0.4359375 0.1421875 0.090625
0 0.6046875 0.25 0.096875 0.0625
0 0.13125 0.36875 0.1546875 0.121875
0 0.6984375 0.290625 0.0765625 0.109375
0 0.9421875 0.6375 0.115625 0.15625
0 0.446875 0.2421875 0.1484375 0.046875
0 0.1015625 0.7296875 0.2015625 0.096875
0 0.5859375 0.4546875 0.10625 0.1625
0 0.5015625 0.521875 0.1171875 0.1109375
0 0.7109375 0.4984375 0.16875 0.096875
0 0.1875 0.6140625 0.125 0.071875
0 0.49375 0.6734375 0.090625 0.1640625
0 0.065625 0.571875 0.0953125 0.11875
0 0.3890625 0.6046875 0.090625 0.196875
0 0.2828125 0.7 0.084375 0.1625
0 0.2515625 0.425 0.078125 0.1796875
0 0.09375 0.4859375 0.0921875 0.10625
0 0.06875 0.65625 0.134375 0.0875
0 0.1515625 0.7390625 0.15625 0.084375
0 0.7640625 0.4859375 0.09375 0.1625
0 0.9015625 0.459375 0.1421875 0.15
0 0.815625 0.378125 0.0765625 0.1640625
0 0.8703125 0.325 0.075 0.165625
0 0.8953125 0.671875 0.153125 0.1640625
0 0.875 0.7140625 0.13125 0.134375
0 0.7171875 0.6765625 0.175 0.1359375
0 0.090625 0.3265625 0.1375 0.1140625
0 0.0390625 0.28125 0.075 0.090625
0 0.0859375 0.2484375 0.0953125 0.0578125
0 0.3515625 0.409375 0.10625 0.159375
0 0.559375 0.6578125 0.096875 0.175
0 0.946875 0.3671875 0.10625 0.1265625