0 0.8921875 0.521875 0.20625 0.1671875
0 0.28125 0.384375 0.1484375 0.096875
0 0.640625 0.4359375 0.1515625 0.125
0 0.490625 0.4046875 0.1234375 0.1
0 0.059375 0.4 0.11875 0.0859375
0 0.1578125 0.328125 0.1015625 0.0828125
0 0.3375 0.3015625 0.090625 0.075
0 0.8609375 0.5921875 0.1609375 0.1328125
0 0.19375 0.56875 0.16875 0.1078125
0 0.946875 0.3484375 0.1046875 0.0890625
0 0.76875 0.384375 0.1484375 0.1015625
0 0.23125 0.2890625 0.0390625 0.0609375
0 0.4984375 0.3328125 0.1 0.0453125
0 0.5609375 0.2953125 0.075 0.0421875
0 0.0265625 0.5515625 0.053125 0.1078125
0 0.66875 0.2734375 0.0640625 0.0671875
0 0.909375 0.2890625 0.0578125 0.0453125
0 0.6890625 0.309375 0.053125 0.04375
0 0.4625 0.2875 0.0515625 0.0703125
0 0.4234375 0.2890625 0.059375 0.0671875
0 0.5484375 0.328125 0.0515625 0.0484375
0 0.3703125 0.4375 0.0984375 0.0546875
0 0.778125 0.3078125 0.1234375 0.08125
0 0.98125 0.275 0.0359375 0.0375
0 0.8703125 0.3109375 0.109375 0.075
0 0.8546875 0.2859375 0.04375 0.034375
0 0.121875 0.29375 0.0484375 0.053125