0 0.334375 0.64375 0.090625 0.0875
0 0.2015625 0.6484375 0.084375 0.078125
0 0.1625 0.55 0.0609375 0.0484375
0 0.56875 0.5890625 0.0359375 0.059375
0 0.4875 0.515625 0.025 0.034375
0 0.4046875 0.5078125 0.028125 0.0359375
0 0.3578125 0.465625 0.0390625 0.021875
0 0.490625 0.4609375 0.03125 0.021875
0 0.5890625 0.4640625 0.0359375 0.0234375
0 0.9640625 0.5390625 0.0328125 0.0421875
0 0.7984375 0.4875 0.021875 0.028125
0 0.684375 0.4890625 0.028125 0.034375
0 0.828125 0.4890625 0.03125 0.03125
0 0.73125 0.43125 0.0171875 0.0203125
0 0.68125 0.396875 0.034375 0.0203125
0 0.6578125 0.4203125 0.046875 0.0234375
0 0.4640625 0.4515625 0.03125 0.0234375
0 0.23125 0.440625 0.0265625 0.0234375
0 0.3203125 0.45 0.03125 0.0265625
0 0.3515625 0.4484375 0.028125 0.03125
0 0.2921875 0.4234375 0.034375 0.025
0 0.28125 0.409375 0.0265625 0.021875
0 0.2390625 0.403125 0.025 0.0125
0 0.2546875 0.4140625 0.03125 0.0234375