0 0.421875 0.4625 0.0359375 0.0625
0 0.54375 0.49375 0.1015625 0.1296875
0 0.4 0.5765625 0.178125 0.1640625
0 0.7265625 0.428125 0.0515625 0.103125
0 0.6671875 0.4328125 0.0578125 0.1015625
0 0.6 0.4109375 0.053125 0.0859375
0 0.5109375 0.40625 0.025 0.0515625
0 0.4921875 0.3875 0.021875 0.0484375
0 0.4546875 0.396875 0.021875 0.046875
0 0.41875 0.3921875 0.028125 0.0421875
0 0.39375 0.3984375 0.01875 0.034375
0 0.371875 0.3953125 0.0171875 0.034375
0 0.11875 0.603125 0.2359375 0.1703125
0 0.303125 0.5125 0.1828125 0.103125
0 0.2609375 0.6390625 0.21875 0.2125
0 0.7046875 0.384375 0.0546875 0.0640625
0 0.6390625 0.378125 0.0765625 0.0828125
0 0.5515625 0.4078125 0.0453125 0.0578125