0 0.3703125 0.5828125 0.096875 0.0515625
0 0.434375 0.7734375 0.2265625 0.1328125
0 0.3625 0.6734375 0.1515625 0.1125
0 0.64375 0.778125 0.175 0.096875
0 0.5578125 0.55625 0.1078125 0.059375
0 0.503125 0.6078125 0.10625 0.0875
0 0.146875 0.5640625 0.1109375 0.0671875
0 0.228125 0.5328125 0.0625 0.040625
0 0.7484375 0.6953125 0.1328125 0.078125
0 0.2296875 0.5796875 0.0875 0.0578125
0 0.1109375 0.5109375 0.0796875 0.0515625
0 0.2859375 0.665625 0.1296875 0.084375
0 0.6578125 0.584375 0.0890625 0.05625
0 0.0703125 0.453125 0.0578125 0.0453125
0 0.4453125 0.528125 0.0671875 0.046875
0 0.2921875 0.546875 0.08125 0.0515625
0 0.0203125 0.446875 0.040625 0.0375
0 0.4984375 0.6890625 0.1296875 0.071875
0 0.3546875 0.5203125 0.0734375 0.0453125
0 0.6546875 0.5203125 0.103125 0.065625
0 0.7078125 0.5296875 0.0859375 0.0515625
0 0.7484375 0.6234375 0.096875 0.05625
0 0.3109375 0.50625 0.075 0.046875
0 0.796875 0.496875 0.065625 0.040625
0 0.5078125 0.5453125 0.0734375 0.0453125
0 0.809375 0.6109375 0.090625 0.0609375
0 0.1375 0.4640625 0.05625 0.053125
0 0.3609375 0.4375 0.0625 0.03125
0 0.5578125 0.4734375 0.0765625 0.0375
0 0.55625 0.515625 0.0609375 0.0296875
0 0.496875 0.5 0.0671875 0.04375
0 0.43125 0.46875 0.0609375 0.0390625
0 0.784375 0.4359375 0.0640625 0.0203125
0 0.5125 0.446875 0.0671875 0.0265625
0 0.5890625 0.44375 0.0671875 0.0234375