0 0.3796875 0.378125 0.025 0.05625
0 0.3359375 0.3703125 0.021875 0.0328125
0 0.1 0.41875 0.05625 0.0609375
0 0.1640625 0.51875 0.0421875 0.115625
0 0.2546875 0.54375 0.0625 0.10625
0 0.2421875 0.359375 0.025 0.0328125
0 0.1484375 0.375 0.0453125 0.05625
0 0.3296875 0.4265625 0.0375 0.065625
0 0.246875 0.403125 0.03125 0.0375
0 0.0375 0.61875 0.0734375 0.1015625
0 0.503125 0.571875 0.0390625 0.1078125
0 0.0546875 0.5421875 0.0828125 0.071875
0 0.040625 0.715625 0.078125 0.0640625
0 0.1875 0.7046875 0.075 0.0875
0 0.3 0.65 0.0640625 0.128125
0 0.2578125 0.484375 0.0546875 0.071875
0 0.2203125 0.4765625 0.053125 0.0796875
0 0.203125 0.4453125 0.05 0.053125
0 0.2 0.403125 0.046875 0.053125
0 0.3515625 0.5 0.059375 0.0921875
0 0.3015625 0.509375 0.0421875 0.075
0 0.2984375 0.5703125 0.0859375 0.0984375
0 0.3609375 0.6296875 0.0578125 0.140625
0 0.4171875 0.609375 0.0578125 0.1484375
0 0.4671875 0.6609375 0.0765625 0.1234375
0 0.6171875 0.6984375 0.0921875 0.103125
0 0.853125 0.709375 0.1265625 0.075
0 0.875 0.5359375 0.0703125 0.0859375
0 0.8265625 0.5578125 0.0625 0.0890625
0 0.915625 0.634375 0.08125 0.1125
0 0.9765625 0.6453125 0.046875 0.1046875
0 0.7515625 0.5125 0.06875 0.06875
0 0.75 0.5484375 0.0828125 0.084375
0 0.8109375 0.63125 0.0984375 0.1140625
0 0.871875 0.6515625 0.0921875 0.1171875
0 0.7234375 0.6046875 0.0890625 0.096875
0 0.61875 0.6171875 0.05625 0.0984375
0 0.5828125 0.54375 0.05625 0.0859375
0 0.6234375 0.5328125 0.065625 0.078125
0 0.6328125 0.4421875 0.0328125 0.0578125
0 0.575 0.4859375 0.034375 0.0515625
0 0.5765625 0.3921875 0.021875 0.05
0 0.5671875 0.428125 0.028125 0.0546875
0 0.515625 0.434375 0.028125 0.0640625
0 0.5234375 0.4921875 0.046875 0.075
0 0.5390625 0.4015625 0.0328125 0.05625
0 0.4015625 0.41875 0.0359375 0.0546875
0 0.475 0.45625 0.040625 0.0828125
0 0.440625 0.4453125 0.0328125 0.053125
0 0.440625 0.5046875 0.0453125 0.08125
0 0.4078125 0.534375 0.0625 0.0828125
0 0.2859375 0.3671875 0.03125 0.0484375
0 0.021875 0.4453125 0.04375 0.059375
0 0.20625 0.378125 0.0390625 0.040625
0 0.43125 0.3578125 0.01875 0.04375